header:
  seq: 0
  stamp:
    secs: 0
    nsecs: 0
  frame_id: /map
pose:
  pose:
    position:
      x: 25
      y: 15
      z: 0.0
    orientation: 
      x: 0.0
      y: 0.0
      z: 0.0149044171017
      w: 0.999888923006
  covariance: [0.25, 0.0, 0.0, 0.0, 0.0, 0.0, 0.0, 0.25, 0.0, 0.0, 0.0, 0.0, 0.0, 0.0, 0.0, 0.0, 0.0, 0.0, 0.0, 0.0, 0.0, 0.0, 0.0, 0.0, 0.0, 0.0, 0.0, 0.0, 0.0, 0.0, 0.0, 0.0, 0.0, 0.0, 0.0, 0.06853891945200942]

